7
10
14
21
5
65
18
22
7
13
9
11
8
7
32
20
5
5
112
32
14
10
14
5
62
14
5
6
10
10
5
14
6
6
8
6
17
58
18
15
5
64
5
5
22
6
6
8
32
7
40
5
15
9
5
16
5
8
5
13
6
13
13
9
5
15
20
5
6
5
9
5
5
5
11
12
11
11
7
12
5
17
21
5
9
10
11
8
11
5
8
6
11
5
6
10
14
8
7
10
7
6
9
7
6
11
26
5
5
10
7
8
6
9
5
8
11
67
14
31
5
13
19
11
6
11
6
17
7
7
5
9
6
8
8
7
6
5
5
18
6
8
5
9
7
15
5
5
13
27
5
6
8
7
5
8
6
12
6
5
9
5
17
10
17
6
21
5
5
7
13
14
12
14
11
18
6
49
9
7
6
6
6
10
8
8
9
5
6
9
7
20
5
6
15
8
6
11
7
10
5
7
13
11
6
7
10
5
12
5
7
13
6
5
6
6
8
10
5
6
12
9
9
11
6
7
5
11
7
10
24
5
9
8
13
15
7
17
5
6
7
6
5
8
9
6
14
6
8
8
9
8
6
7
10
7
6
5
7
5
5
14
5
6
8
9
6
15
8
5
6
6
12
12
12
7
9
5
6
6
8
5
6
8
5
8
6
7
7
6
5
8
7
6
9
10
7
11
5
26
9
8
7
5
8
14
11
9
6
5
5
6
9
7
5
5
10
5
8
5
8
7
9
5
5
8
5
9
6
12
5
8
6
6
6
10
7
5
5
6
8
5
7
10
14
7
7
7
5
7
5
5
7
7
12
9
6
6
5
7
5
5
11
6
5
5
5
5
8
8
10
5
8
7
8
5
5
6
9
5
6
8
9
5
10
16
6
5
6
5
10
7
7
5
5
7
5
5
8
7
6
8
7
5
10
7
5
6
5
6
6
12
6
6
6
6
5
5
12
7
5
5
6
5
7
8
6
6
7
5
6
5
6
